000000113
000000455
000004663
000005386
000027663
000036344
000049706
000049707
000070120
000076224
000082668
000084777
000086124
000087255
000091166
000091213
000103920
000111798
000115696
000115961
000117203
000117218
000118592
000118605
000120239
000128603
000135628
000142604
000146096
000147342
000168320
000172565
000176809
000180301
000181145
000185157
000190708
000194957
000198882
000200673
000203922
000209107
000209108
000211937
000214331
000217580
000218227
000220462
000220463
000220464
000220465
000222281
000224027
000226037
000226798
000228448
000228450
000230562
000230563
000230564
000231698
000232508
000232510
000234996
000235650
000235651
000235652
000236449
000238383
000239259
000245684
000246526
000246527
000246528
000246546
000255610
000255611
000263265
000266586
000266591
000267270
000267271
000269524
000270079
000271426
000271427
000272796
000273521
000275250
000275258
000275259
000277906
000277907
000278709
000278712
000281205
000281206
000282186
000284243
000284347
000284348
000285735
000286564
000286565
000287585
000289564
000293364
000293365
000293392
000293393
000294704
000297541
000297564
000297565
000299306
000299307
000300748
000303942
000303989
000303990
000305687
000306702
000306703
000307982
000307985
000309477
000309488
000309489
000309494
000309498
000309500
000309519
000311297
000311298
000311299
000311303
000311306
000311309
000311313
000314370
000314377
000316084
000317797
000320128
000320129
000329903
000329914
000330815
000337481
000338824
000338826
000338960
000339037
000339039
000339093
000339270
000339369
000339443
000340002
000340479
000340573
000340746
000340748
000340750
000341156
000341164
000341227
000341280
000341420
000341485
000341583
000341684
000341880
000341945
000342257
000342615
000343144
000343218
000343371
000343494
000343593
000343597
000343599
000343600
000345269
000345455
000345920
000346204
000347684
000347788
000347883
000347888
000347931
000348034
000348035
000348132
000348536
000348539
000349259
000349622
000349764
000349997
000350076
000350214
000350540
000350745
000350870
000350873
000350930
000350932
000350935
000351689
000351742
000353109
000353227
000353434
000353578
000353616
000353658
000353659
000353787
000354087
000354341
000354343
000354354
000354355
000354407
000354412
000354582
000354718
000355010
000355067
000355279
000355708
000355767
000355835
000356272
000356715
000356811
000356813
000356901
000356902
000356907
000357090
000357648
000357910
000357913
000358634
000360193
000360219
000360950
000361323
000361354
000364414
000365433
000365500
000365958
000365983
000366099
000367912
000368104
000369081
000371096
000371247
000371349
000371499
000371816
000371823
000372145
000372381
000374430
000374631
000376324
000376327
000380223
000381390
000382876
000382877
000383836
000384402
000386641
000386678
000386691
000388418
000389013
000390657
000392127
000392248
000393065
000393074
000393621
000394768
000395632
000396913
000397244
000397583
000398531
000398649
000400689
000401754
000402446
000402868
000404028
000404035
000405263
000405429
000410049
000415291
000415292
000415401
000416102
000416392
000423417
000428861
000433849
000435193
000442846
000448048
000448564
000449612
000452010
000452297
000452299
000452300
000457403
000457404
000457978
000459207
000459259
000460147
000460308
000462039
000462710
000463439
000466521
000467069
000468075
000469592
000469735
000471010
000471207
000471243
000473871
000474384
000476860
000476867
000481850
000482397
000482623
000482959
000484990
000487842
000487866
000488090
000488339
000489672
000492365
000492776
000493691
000495800
000496365
000512614
000517248
000518124
000518954
000519750
000520045
000523107
000523686
000526090
000526091
000527021
000529845
000531114
000533371
000533440
000534970
000535535
000536367
000537457
000540386
000540572
000542212
000542227
000542620
000546505
000548618
000548624
000548659
000549785
000555102
000555218
000555221
000556994
000558152
000558420
000559083
000560030
000560797
000561191
000561193
000561317
000572498
000573450
000573452
000573486
000573606
000574532
000574552
000574555
000574611
000574802
000574813
000575928
000575929
000576073
000576075
000576077
000576093
000576133
000576174
000576176
000576177
000577744
000581338
000584820
000588785
000589710
000590130
000601111
000608155
000612434
000612438
000620165
000628127
000633706
000648270
000650880
000654391
000654407
000656257
000656260
000660392
000667706
000669405
000690132
000692710
000700861
000747222
000760295
000778201
000797670
000801126
000808997
000809494
000809503
000809511
000809515
000809519
000809521
000810323
000829713
000829723
000832419
000832422
000841899
000843630
000843675
000856114
000856246
000865128
000869601
000874329
000880440
000885283
000887952
000911263
000912282
000915190
000918143
000918195
000918209
000922339
000922340
000922616
000922865
000924196
000925481
000925488
000930706
000943370
000950355
000981540
000994929
000996900
000999889
001001972
001002428
001019883
001023181
001044886
001054434
001055352
001055353
001056812
001099819
001099927
001110502
001113747
001118911
001122303
001124106
001125362
001128429
001130355
001130762
001130771
001130775
001130801
001130804
001130817
001130827
001130861
001130864
001130870
001130874
001130884
001150684
001152122
001159154
001160885
001170434
001171089
001173331
001173372
001173373
001173438
001175523
001175555
001175998
001176083
001176292
001176407
001176410
001176436
001176450
001176779
001176787
001177014
001177245
001177669
001177845
001177855
