000016683
000037204
000131409
000160331
000163574
000203269
000290457
000338923
000339781
000356258
000361323
000395332
000466631
000586304
000600502
000706146
000706150
000706158
000706162
000710312
000711442
000737589
000743748
000791485
000802976
000802988
000804770
000940909
000943287
000952073
000975063
000981430
000982953
001043934
001080127
001080134
001080137
001080141
001105146
001110546
001112895
001116719
001126440
001137857
001161217
001162378
001164446
001165070
001165077
001165675
001165824
001167171
001167791
001167796
001167797
001167799
001170834
001171965
001172016
001173331
001173372
001173844
001174015
001174249
001174261
001174747
001174765
001175024
001175028
001175034
001175263
001175265
001175486
001175490
001175500
001175502
001175636
001175699
