000020135
000051928
000052043
000054555
000054556
000078083
000078101
000126925
000135386
000144831
000149065
000149066
000149067
000149068
000149956
000163024
000173899
000173900
000173903
000174751
000175813
000177880
000177881
000177882
000177884
000177885
000177886
000177887
000177888
000177890
000181149
000187437
000194949
000202113
000202116
000206054
000206057
000210165
000210166
000214616
000221056
000241298
000242519
000261761
000265492
000270070
000270080
000270082
000271429
000274007
000274008
000274009
000275267
000300023
000320104
000337121
000340027
000351670
000351673
000355059
000355879
000356217
000369083
000371832
000386683
000406652
000407271
000476359
000487863
000523400
000528555
000552266
000568762
000570752
000574816
000574819
000576128
000580037
000625486
000665383
000665384
000761267
000807241
000810862
000819065
000858818
000892802
000892873
000894831
000896738
000897524
000897951
000897952
000899051
000899052
000921041
000949417
000958499
000958500
000959048
000968393
001055142
001060028
001082576
001104505
001111796
001111798
001112489
001112557
001112560
001113562
001114926
001127719
001129123
001130214
001151067
001163337
001175956
001176381
001176451
001177890
001178290
001178291
001178292
001178293
001178336
001178436
001178516
001178601
001178717
001178807
001178877
001179016
001179090
001179100
001179352
001179537
001179723
001180087
001180105
