000017682
000024523
000024524
000024525
000077586
000117074
000118593
000138513
000189526
000201437
000203179
000250562
000251744
000251745
000263266
000263267
000323355
000353947
000363629
000366331
000397582
000399111
000433855
000439958
000465931
000488052
000491070
000522450
000523238
000527728
000576556
000593542
000643270
000643927
000644106
000729803
000729844
000731168
000731175
000731179
000731358
000731489
000731601
000731917
000731950
000731980
000732085
000732147
000732340
000732487
000732540
000733238
000733246
000733255
000733411
000733415
000733426
000733448
000733508
000733531
000733552
000733558
000733584
000733658
000733662
000733668
000733678
000733683
000733704
000733716
000733724
000733766
000733797
000733826
000733878
000733903
000741232
000754956
000771889
000791356
000824814
000828430
000866152
000875075
000894504
000895846
000937653
000937857
000953203
000953213
000986455
000986496
001012255
001012257
001021603
001024542
001026801
001033465
001048580
001048669
001048676
001082096
001082358
001091489
001091492
001091760
001101118
001101658
001101660
001101710
001104266
001107221
001107601
001117813
001117822
001151936
001162529
001164711
001173329
001173540
001174581
001178003
001181720
001181739
001189084
001192144
001192158
001194641
001194986
001198007
001202977
001203052
001203524
001203712
001204007
001204397
001204489
001204513
001204538
001204539
001204643
001205169
001205515
001205607
001205623
001205638
001205681
001205684
001205702
001205717
001205734
001205740
001205748
001205751
001205778
001205789
001205806
001205807
001205842
001205856
001205861
001205878
001205881
001205892
001205903
001205918
001205933
001205945
001205979
001205998
001206010
001206041
001206060
001206071
001206099
001206109
001206119
001206127
001206129
001206137
001206148
001206168
001206171
001206179
001206193
001206195
001206196
001206198
001206219
001206226
001206228
001206232
001206260
001206270
001206274
001206280
001206281
001206306
001206318
001206319
001206325
001206326
001206390
001206700
001206988
001206993
001207049
001207050
001207142
001207171
001207187
001207313
001207386
