000014699
000027665
000044819
000045786
000049189
000054555
000062667
000064167
000064332
000064347
000068285
000072820
000075272
000075299
000075305
000078103
000079184
000080979
000080980
000081002
000092947
000092948
000116624
000116627
000116631
000116632
000116633
000120241
000120245
000120273
000121725
000121760
000121767
000121780
000121785
000121788
000121800
000121804
000121808
000121813
000121819
000121822
000121823
000121826
000121833
000123374
000123380
000123384
000123407
000123440
000125823
000125837
000125849
000125854
000126112
000126965
000126967
000128124
000130826
000130832
000130838
000130849
000130850
000130912
000130916
000130925
000130926
000130934
000130940
000133555
000133566
000133572
000133576
000133583
000133591
000133595
000133602
000133603
000133619
000133620
000133645
000133647
000133650
000133653
000133657
000133659
000133660
000133682
000133685
000133686
000133693
000133700
000133706
000133709
000133710
000133725
000133765
000133790
000133804
000133815
000135994
000135996
000135997
000136023
000136044
000140981
000142798
000143359
000143388
000145535
000147788
000147791
000147795
000147930
000147948
000149109
000149113
000150248
000152220
000156400
000156408
000156410
000158430
000164501
000166416
000167936
000167985
000173901
000173904
000198391
000198392
000202121
000202123
000202125
000202127
000202129
000202138
000206065
000206068
000206073
000206080
000206088
000206090
000207143
000207929
000207930
000207944
000207953
000207954
000210187
000212212
000214625
000214645
000216128
000216738
000222481
000224780
000237088
000238506
000253843
000253844
000274858
000291014
000305905
000356023
000359451
000359787
000370115
000425069
000567450
000739644
000789952
000789956
000809338
000871369
000885332
000898199
000936075
000940314
000945548
000948061
000960588
000981640
001005836
001012497
001016258
001022862
001023880
001025683
001036907
001046893
001066667
001090981
001090984
001092764
001102475
001112813
001122044
001132715
001136476
001159014
001159973
001160212
001162035
001162061
001162083
001162096
001162158
001162430
001162916
001162922
001162927
001169865
001170198
001171714
001172016
001172363
001177926
001178545
001179341
001179381
001179439
001179791
001179796
001180033
001180417
001180420
001180853
001181240
001181242
001181333
001181336
001192250
