000004661
000006390
000006392
000011460
000011463
000011464
000011466
000011467
000011468
000011471
000016731
000023816
000024514
000024515
000034400
000043643
000043644
000043645
000043646
000048739
000058656
000060308
000083142
000083143
000087069
000087071
000087072
000092599
000093580
000094603
000103917
000120877
000122350
000124343
000131690
000131691
000131692
000142797
000145054
000146011
000150479
000156129
000162971
000163164
000165858
000168983
000169202
000193329
000201433
000201436
000210191
000211308
000213562
000230528
000249144
000249196
000249940
000251185
000252719
000265409
000272195
000273968
000290803
000297033
000298769
000304837
000320949
000323354
000327543
000363414
000418615
000437874
000451313
000479769
000503234
000517246
000544711
000586659
000681514
000681519
000696554
000729736
000730698
000730706
000730730
000730744
000730840
000731205
000731247
000731270
000731279
000731310
000733077
000733082
000735730
000735735
000735738
000735740
000735742
000735744
000735752
000735755
000735758
000735779
000735838
000735841
000736587
000736620
000736753
000738457
000738680
000739695
000741064
000741078
000741097
000741100
000741112
000741116
000741124
000741134
000741147
000741161
000741165
000741175
000741181
000741182
000741191
000741198
000741224
000741247
000741252
000741257
000741268
000741275
000741280
000741304
000741307
000741312
000741323
000741326
000741332
000741334
000741336
000741409
000741412
000741418
000741434
000741439
000741447
000741463
000741470
000741482
000741533
000741537
000741542
000741564
000741590
000741596
000741603
000741609
000741619
000741623
000741627
000741644
000741654
000741702
000741715
000741719
000741725
000741730
000741734
000741738
000741742
000742118
000742124
000742129
000742135
000742143
000771225
000774952
000774957
000774959
000774963
000774966
000788015
000788027
000788045
000788052
000788055
000788068
000788079
000788086
000788095
000788098
000788169
000788181
000788184
000788192
000788198
000788200
000788204
000788212
000788219
000788223
000788225
000788234
000788242
000788247
000788266
000788275
000788280
000788283
000788291
000788295
000788306
000788311
000788319
000788326
000788331
000788334
000788339
000788343
000788458
000788460
000788466
000788467
000788468
000788471
000788473
000788547
000788551
000788749
000788807
000788812
000788816
000788999
000789014
000789020
000789275
000863576
000863578
000870951
000872346
000872347
000876368
000877861
000877864
000895845
000896133
000896138
000898865
000955934
000956454
000964109
000966869
000967571
000967661
000970595
000975389
000978242
001017105
001019454
001032777
001044601
001046063
001059076
001095384
001108614
001121128
001130149
001134155
001135687
001136612
001159742
001170887
001171929
001175956
001176173
001178717
001178773
001179221
001179226
001179257
001180062
001180253
001192797
001194594
001201680
001202630
001202632
001202720
001202838
001202860
001202977
001203052
001203234
001203311
001203375
001203524
001203577
001203665
001203712
001203859
001204007
