000009081
000024520
000024521
000051876
000118594
000145053
000176808
000181954
000189526
000209103
000221415
000222255
000236446
000251186
000266587
000269521
000273519
000277873
000308901
000317697
000323356
000323357
000363026
000433856
000433857
000435602
000449873
000455039
000477255
000489043
000500508
000517259
000523409
000526487
000527247
000529078
000543947
000546061
000551604
000572469
000599330
000599332
000606656
000613978
000613979
000624530
000624533
000626902
000626905
000659854
000680272
000680279
000680283
000680287
000680307
000680308
000680316
000680317
000680322
000680326
000680327
000680331
000680336
000680341
000680343
000680346
000680360
000680366
000680371
000680375
000680379
000680385
000680390
000680402
000680406
000680411
000680416
000680425
000680432
000680439
000680445
000680451
000680460
000680464
000680466
000680473
000680485
000680508
000680517
000680549
000680559
000680601
000680606
000680610
000680622
000680635
000680639
000680642
000680645
000680649
000680650
000680653
000680658
000680663
000680669
000680675
000680679
000680688
000680697
000680705
000680708
000680712
000680714
000680725
000680731
000680737
000680741
000680751
000680754
000680760
000680775
000680779
000680783
000680785
000680791
000680801
000680809
000680823
000680829
000680835
000680850
000680867
000680873
000680881
000680886
000680909
000680911
000680918
000680961
000680965
000680978
000680984
000680999
000681027
000681032
000681039
000681068
000681077
000681118
000681121
000681123
000681355
000681363
000681412
000681417
000681423
000681430
000681443
000681449
000681452
000681485
000681487
000681495
000681499
000681508
000681555
000681624
000681637
000681646
000681653
000681668
000681709
000681714
000681723
000681736
000681740
000681748
000681760
000681765
000681769
000681774
000681804
000681840
000681846
000681848
000681851
000681855
000681873
000681876
000681887
000681893
000681909
000681911
000681916
000681921
000681928
000681936
000681946
000681951
000681954
000681961
000681975
000681982
000681990
000681998
000682001
000682005
000682091
000682095
000682097
000682101
000682103
000682108
000682115
000682118
000682121
000682130
000682137
000682143
000682148
000682158
000682163
000682169
000682173
000682199
000682204
000682208
000682212
000682218
000682220
000682226
000682283
000682287
000682289
000682292
000682295
000682299
000682304
000682307
000682311
000682314
000682317
000682322
000682326
000682333
000682337
000682344
000682350
000682353
000682356
000682360
000682365
000682369
000682374
000682381
000682385
000682396
000682408
000682414
000682420
000682425
000682430
000682432
000682438
000682442
000682448
000682452
000682457
000682483
000682489
000682492
000682500
000682537
000682542
000682544
000682546
000682550
000682556
000682570
000682574
000682577
000682581
000682586
000682593
000682601
000682608
000682616
000682621
000682626
000682634
000682641
000682647
000682651
000682655
000682660
000682663
000682726
000682731
000682734
000682736
000682740
000682743
000682747
000682753
000682756
000682758
000682768
000682773
000682776
000682782
000682784
000682787
000682791
000682799
000682803
000682809
000682821
000682830
000682836
000682842
000682848
000682851
000682855
000682866
000682872
000682875
000682880
000682885
000682906
000682908
000682917
000682922
000682924
000682931
000682937
000682942
000682945
000682948
000682955
000682961
000682965
000682974
000682978
000682982
000682991
000683029
000683033
000683036
000683043
000683044
000683047
000683048
000683049
000683052
000683053
000683054
000683058
000683059
000683061
000683065
000683069
000683072
000683075
000683085
000683094
000683100
000683105
000683108
000683111
000683114
000683116
000683119
000683122
000683126
000683133
000683137
000683140
000683145
000683148
000683152
000683158
000683160
000683164
000683173
000683177
000683181
000683186
000683194
000683198
000683202
000683204
000683207
000683210
000683214
000683216
000683218
000683259
000683260
000683268
000683269
000683279
000683285
000683291
000683298
000683302
000683323
000683330
000683336
000683343
000683347
000683355
000683375
000683380
000683389
000683393
000683399
000683405
000683410
000683415
000683419
000683421
000683425
000683429
000683433
000683440
000683445
000683451
000683462
000683474
000683484
000683489
000683496
000683515
000683520
000683599
000683602
000683612
000683620
000683627
000683632
000683641
000683647
000683651
000683660
000683661
000683665
000683671
000683686
000683689
000683691
000683697
000683703
000683711
000683717
000683724
000683727
000683738
000683742
000683751
000683754
000683758
000683767
000683773
000683779
000683786
000683790
000683837
000683839
000683845
000683848
000683859
000683860
000683862
000683867
000683872
000683880
000683881
000683885
000683887
000683892
000683894
000683898
000683902
000683905
000683909
000683915
000683923
000683935
000683939
000683941
000683947
000683955
000683961
000683968
000683975
000683979
000683986
000683993
000684012
000684017
000684020
000684024
000684027
000684030
000684032
000684037
000684047
000684056
000684059
000684063
000684065
000684076
000684087
000684089
000684092
000684097
000684104
000684113
000684116
000684121
000684129
000684135
000684148
000684151
000684158
000684170
000684175
000684180
000684184
000684188
000684189
000684190
000684200
000684202
000684204
000684224
000684229
000684230
000684231
000684232
000684233
000684237
000684239
000684243
000684248
000684253
000684255
000684259
000684263
000684264
000684266
000684273
000684284
000684294
000684311
000684323
000684327
000684343
000684349
000684364
000684374
000684377
000684382
000684561
000684596
000684617
000684623
000684638
000684776
000684788
000684798
000684808
000684816
000684927
000685032
000685045
000685080
000685086
000685127
000685147
000685153
000685209
000685218
000685241
000685254
000685374
000685450
000685471
000685585
000685591
000685715
000685747
000685769
000685848
000685870
000685877
000685917
000685938
000685947
000685961
000685976
000685985
000686003
000686008
000686012
000686020
000686030
000686041
000686073
000686089
000686092
000686098
000686121
000686131
000686137
000686146
000686152
000686154
000686177
000686193
000686200
000686201
000686209
000686226
000686242
000686246
000686258
000686263
000686269
000686278
000686298
000686312
000686337
000686349
000686356
000686384
000686391
000686395
000686401
000686407
000686414
000686420
000686429
000686487
000686492
000686504
000686506
000686512
000686518
000686523
000686540
000686554
000686590
000686598
000686607
000686612
000686620
000686629
000686635
000686645
000686669
000686677
000686737
000686759
000686763
000686767
000686772
000686775
000686816
000686820
000686828
000686831
000686835
000686839
000686842
000686848
000686854
000686861
000686865
000686871
000686875
000686880
000686885
000686887
000686892
000686901
000686910
000686918
000686925
000686933
000686941
000686948
000686951
000686954
000686957
000686990
000687023
000687030
000687047
000687068
000687079
000687088
000687095
000687100
000687107
000687115
000687128
000687135
000687150
000687155
000687161
000687165
000687174
000687178
000687186
000687201
000687214
000687216
000687221
000687222
000687223
000687229
000687231
000687233
000687235
000687237
000687246
000687249
000687251
000687253
000687257
000687259
000687261
000687263
000687275
000687283
000687293
000687307
000687320
000687328
000687336
000687346
000687353
000687373
000687406
000687410
000687412
000687418
000687422
000687424
000687430
000687435
000687453
000687460
000687469
000687494
000687675
000687677
000687678
000687679
000687680
000687682
000687686
000687700
000687709
000687717
000687722
000687730
000687736
000687760
000687765
000687780
000687788
000687793
000687825
000687832
000687837
000687840
000687843
000687845
000687849
000687853
000687859
000687868
000687889
000687894
000687895
000687898
000687904
000687909
000690759
000691637
000691676
000691751
000691755
000697427
000731713
000733337
000733659
000734372
000734473
000734491
000734518
000734631
000734877
000735070
000735082
000767511
000781252
000788730
000837854
000843669
000843710
000866863
000866864
000873461
000873620
000875075
000924743
000937653
000941491
000941493
000957360
000957361
000970595
000991202
000991204
001013173
001029630
001057071
001057082
001057090
001068597
001068598
001082542
001088410
001093996
001097875
001104097
001104103
001111958
001118099
001127667
001127684
001167567
001167568
001167569
001167571
001167572
001167573
001167574
001167575
001167577
001167579
001167580
001168333
001176005
001178899
001181776
001181777
001189019
001192797
001193121
001193759
001194663
001201189
001201645
001206988
001206993
001207142
001207171
001207187
001207313
001207589
001207622
001207625
001207651
001207665
001207673
001207674
001207683
001207685
001207699
001207720
001207761
001207765
001207787
001207790
001207791
001207794
001207795
001207796
001207797
001207798
001207799
001207800
001207801
001207802
001207812
001207833
001207851
001207865
001207881
001207949
001207977
001208007
001208009
001208215
001208226
001208228
001208275
001208305
