000120835
000166716
000207492
000220417
000222227
000224642
000300024
000303812
000314258
000336500
000346373
000357502
000369430
000370234
000371835
000371858
000473271
000539823
000564580
000578260
000602868
000616180
000648250
000666839
000680091
000680093
000687175
000687641
000687651
000687774
000707071
000707074
000707078
000711515
000726828
000726832
000726841
000726853
000726900
000726906
000726914
000726969
000726981
000727003
000727036
000727042
000727051
000727068
000727075
000727081
000727121
000727191
000727274
000727360
000727460
000727470
000727487
000728068
000728098
000728113
000728121
000728173
000728207
000728235
000728241
000728249
000728316
000728327
000728334
000728347
000728349
000728363
000728369
000728373
000728377
000728393
000728397
000728405
000728410
000728423
000728440
000728447
000728455
000728464
000728529
000728534
000728538
000728543
000728546
000728548
000728552
000728556
000728567
000728571
000728580
000728584
000728883
000728887
000728891
000728893
000728899
000728943
000728947
000728996
000729414
000729435
000729494
000729500
000729506
000729559
000729571
000729715
000729722
000730161
000736880
000736882
000736888
000736928
000736981
000737085
000737114
000737131
000737139
000737149
000737157
000737174
000737206
000737210
000737217
000737233
000737244
000737340
000737344
000737378
000737388
000737394
000737412
000737423
000737623
000737629
000737633
000737644
000737666
000737718
000737729
000737738
000737750
000737758
000737763
000737784
000737787
000737791
000737800
000737807
000737821
000737830
000737835
000737858
000737861
000737873
000737876
000737879
000737884
000737890
000737931
000737935
000737942
000737944
000737947
000737992
000738018
000738024
000738033
000738038
000738047
000738063
000738093
000738099
000738104
000738115
000738121
000738123
000738128
000738132
000738135
000738140
000738158
000738166
000738284
000738287
000738294
000738296
000738299
000738304
000738319
000738324
000738326
000738349
000738354
000738357
000738365
000738373
000738387
000738393
000738403
000738419
000738427
000738430
000738435
000738441
000738453
000738472
000738479
000738482
000738487
000738529
000738536
000738547
000738552
000738561
000738566
000738573
000738577
000738593
000738598
000738610
000738616
000738617
000738623
000738628
000738633
000738637
000738641
000738645
000738675
000738687
000738694
000738709
000738712
000739558
000739559
000739562
000739566
000739574
000739580
000739587
000739594
000739599
000739609
000739615
000739620
000739627
000739634
000739643
000739648
000739665
000739671
000739682
000739693
000739719
000739724
000739729
000739743
000739752
000739758
000739762
000739766
000739773
000739780
000739788
000739794
000739802
000739807
000739815
000739817
000739826
000739841
000739847
000739850
000739861
000739870
000739874
000739885
000739899
000739914
000739919
000739925
000739932
000739956
000740007
000740030
000740039
000740056
000740060
000740070
000740088
000740112
000740117
000740145
000740170
000740176
000740274
000740289
000740300
000740309
000740323
000740334
000740343
000740347
000740349
000740356
000740371
000740415
000740426
000740442
000740455
000740505
000740539
000740554
000740564
000740588
000740600
000740606
000740622
000740629
000740639
000740648
000740663
000740670
000740691
000740705
000740710
000740716
000740720
000740736
000740798
000740803
000740808
000740819
000740823
000740859
000740864
000740874
000740879
000740892
000740899
000740906
000740919
000740925
000740943
000740955
000740971
000741004
000741007
000741019
000741029
000741035
000741052
000741081
000741297
000759473
000783447
000787899
000787914
000787925
000787934
000787938
000787944
000787973
000787979
000787991
000787998
000788003
000788015
000788019
000788663
000788675
000788681
000788697
000788731
000788756
000788763
000788768
000788769
000788777
000788783
000788787
000788789
000788794
000788796
000788801
000788807
000788812
000788816
000788829
000788844
000788908
000788909
000788914
000788917
000788920
000788993
000788999
000789006
000789012
000789014
000789020
000789028
000789043
000789055
000789067
000789070
000789080
000789089
000789093
000789096
000789110
000789118
000789129
000849753
000863932
000869721
000908459
000908485
000908529
000925700
000935820
000937381
000953223
000955804
000955808
000966894
000971986
000977621
001007522
001007524
001010135
001010146
001024737
001040721
001058061
001064742
001064746
001064749
001064754
001094108
001105985
001123819
001126281
001128345
001129286
001129287
001129290
001129291
001163864
001164703
001175664
001180671
001192301
001192797
001193115
001193128
001194390
001194642
001200436
001200610
001200644
001200652
001200657
001200956
001201187
001201188
001201189
001201327
001201555
001201891
001202082
001202109
001202144
001202156
001202424
001202433
001202441
