000001663
000001664
000053988
000075272
000090972
000120875
000121733
000121736
000121761
000121817
000123391
000125834
000130874
000130881
000130932
000132051
000133572
000133631
000133745
000136018
000145294
000147897
000156402
000157814
000165062
000173203
000191858
000231889
000243121
000253077
000256648
000294266
000329200
000329821
000376428
000505438
000543344
000545417
000570653
000573378
000575454
000575458
000584661
000598499
000604974
000636909
000656975
000660157
000678080
000681518
000682652
000682705
000691597
000696246
000696564
000696575
000696580
000696590
000728619
000728761
000728795
000776924
000830983
000831041
000831044
000831293
000831299
000831306
000831308
000855532
000885049
000885256
000885267
000888450
000889292
000889999
000890003
000890005
000890007
000890011
000890018
000890022
000890643
000899202
000899260
000899274
000899277
000899285
000899290
000899294
000899298
000899304
000899309
000899599
000899600
000899629
000899934
000914321
000914594
000924743
000925555
000929930
000968764
000968765
000968826
000968827
001011112
001015899
001015906
001015908
001015914
001015916
001015921
001018719
001018892
001028995
001035381
001036910
001043688
001043862
001062447
001064956
001065106
001088410
001090701
001090719
001103718
001119265
001129560
001129561
001132019
001133569
001136733
001148412
001158216
001163896
001166571
001170775
001173138
001173463
001173473
001174014
001174023
001174219
001174221
001177997
001178982
001192544
001192630
001192885
001193079
001193149
001193199
001193212
001193214
001193379
001193391
001193410
