000000111
000001713
000001714
000001715
000025982
000033364
000057534
000057536
000073413
000084870
000087055
000101134
000101139
000110425
000111951
000120835
000120861
000125882
000175389
000201922
000214241
000222222
000224637
000228377
000232474
000253705
000263845
000290802
000328486
000339292
000355886
000380731
000450361
000513350
000513354
000624049
000624050
000683123
000683485
000683714
000683729
000726828
000726832
000726841
000726853
000726900
000726906
000726914
000726969
000726981
000727003
000727036
000727042
000727051
000727068
000727075
000727081
000727121
000727163
000727191
000727274
000727360
000727460
000727524
000727533
000727537
000727668
000727679
000727699
000727700
000727743
000727761
000727774
000727837
000727846
000727880
000727931
000727985
000727993
000728281
000728300
000732462
000732466
000732470
000732476
000732522
000732527
000732584
000732621
000732644
000732652
000732678
000732691
000732750
000732767
000732887
000732921
000732933
000732947
000732969
000737447
000737455
000737458
000737464
000737467
000737468
000737471
000737475
000737481
000737484
000737490
000737494
000737497
000737501
000737505
000737507
000737510
000737514
000737516
000737520
000737525
000737528
000737560
000737561
000737562
000737565
000737567
000737570
000737574
000737584
000737588
000737592
000737596
000737599
000740830
000740855
000740862
000740875
000740884
000740889
000740901
000740910
000740944
000741046
000741049
000741053
000741059
000785941
000788663
000788668
000788675
000788681
000788697
000788717
000788731
000788749
000861390
000880301
000888501
000940304
000961410
000979396
001130207
001132926
001136731
001138736
001147437
001159149
001163660
001164246
001164648
001165729
001167022
001167037
001168333
001175487
001175688
001176169
001176210
001176249
001177322
001180432
001180434
001180700
001180704
001180736
001180796
001180938
001181010
001181080
001181406
001181507
001193132
001193377
001193479
001193502
001193512
001193575
001193586
001193635
001193639
001193642
001193645
001193647
001193887
001194089
001194253
001194267
001194273
001194279
001194400
001194401
001194408
001194453
001194625
001194626
001194641
001194642
001194724
001194986
001194991
001194992
001195010
001195020
001200377
001200436
001200610
001200615
001200628
001200630
001200644
001200652
001200657
001200699
001200724
001200744
001200752
001200765
